# step	time	FV	KE	PE	n_radicals	n_inert	n_vinyl
0	0.000000	0.315667	0.00	171060.81	0	0	100
50	0.010000	0.286667	0.11	171061.30	0	0	100
100	0.020000	0.326333	162295.53	638515.89	2	0	100
150	0.030000	0.309000	161359.84	601980.36	2	1	99
200	0.040000	0.319000	142121.91	610123.61	2	3	97
250	0.050000	0.316333	135464.57	613558.01	2	3	97
300	0.060000	0.319667	135913.67	564649.81	2	3	97
350	0.070000	0.313333	120565.97	682606.51	2	4	96
400	0.080000	0.311667	129203.95	679055.99	2	6	94
450	0.090000	0.317667	122584.20	577987.12	2	6	94
500	0.100000	0.302000	119329.80	566352.24	2	6	94
550	0.110000	0.320333	134512.48	618081.68	2	6	94
600	0.120000	0.329333	126540.17	502340.38	2	8	92
650	0.130000	0.293667	119212.68	494551.77	2	8	92
700	0.140000	0.318667	137871.89	541987.79	2	8	92
750	0.150000	0.313333	128167.46	591132.19	2	8	92
800	0.160000	0.305333	119523.53	625336.47	2	8	92
850	0.170000	0.305667	132857.06	615498.19	2	9	91
900	0.180000	0.317333	119267.11	596092.93	2	9	91
950	0.190000	0.293000	116318.56	665181.58	2	9	91
1000	0.200000	0.312667	126634.38	528504.43	2	9	91
1050	0.210000	0.355667	126145.42	542389.25	2	9	91
1100	0.220000	0.306000	125934.26	663199.87	2	9	91
1150	0.230000	0.310333	125458.08	847214.50	2	9	91
1200	0.240000	0.309000	131502.78	553866.70	2	11	89
1250	0.250000	0.313000	114210.14	658546.59	2	12	88
1300	0.260000	0.320000	123693.24	708031.25	2	12	88
1350	0.270000	0.304667	127937.98	687067.27	2	12	88
1400	0.280000	0.308333	118342.57	647202.06	2	12	88
1450	0.290000	0.325667	113379.37	717772.26	2	12	88
1500	0.300000	0.265000	120142.77	568641.91	2	12	88
1550	0.310000	0.290667	117219.64	387686.79	2	12	88
1600	0.320000	0.308333	124720.15	509590.91	2	12	88
1650	0.330000	0.318000	121140.99	605267.14	2	13	87
1700	0.340000	0.322667	123718.00	702936.32	2	13	87
1750	0.350000	0.307333	118804.96	588149.00	2	13	87
1800	0.360000	0.325000	102738.41	623982.20	2	13	87
1850	0.370000	0.290667	112061.73	562869.02	2	14	86
1900	0.380000	0.302667	109282.36	610794.95	2	15	85
1950	0.390000	0.321667	113559.74	636363.12	2	15	85
2000	0.400000	0.309333	124560.46	731348.02	2	16	84
2050	0.410000	0.338333	114865.86	616604.47	2	16	84
2100	0.420000	0.317000	121247.89	527187.68	2	16	84
2150	0.430000	0.305000	110360.83	639265.44	2	16	84
2200	0.440000	0.296333	97152.62	732549.46	2	16	84
2250	0.450000	0.329000	116005.30	651324.59	2	16	84
2300	0.460000	0.339333	124548.78	727303.75	2	16	84
2350	0.470000	0.309000	113244.44	664541.22	2	16	84
2400	0.480000	0.301667	103652.90	630467.71	2	16	84
2450	0.490000	0.293667	112505.19	554159.04	2	16	84
2500	0.500000	0.319000	110108.00	569045.03	2	17	83
2550	0.510000	0.327333	120880.99	522935.61	2	17	83
2600	0.520000	0.290000	113865.27	678393.35	2	17	83
2650	0.530000	0.374667	117497.57	478311.92	2	18	82
2700	0.540000	0.339000	110538.88	694703.20	2	20	80
2750	0.550000	0.310000	95721.52	524164.27	2	22	78
2800	0.560000	0.349000	108633.16	506489.28	2	22	78
2850	0.570000	0.343000	113347.45	386973.88	2	22	78
2900	0.580000	0.328667	112561.32	449533.39	2	23	77
2950	0.590000	0.332000	100989.39	594693.47	2	23	77
3000	0.600000	0.299333	93864.69	457556.60	2	23	77
3050	0.610000	0.311000	102420.42	562415.45	2	23	77
3100	0.620000	0.321667	107501.99	574725.45	2	23	77
3150	0.630000	0.321333	102346.30	554822.24	2	23	77
3200	0.640000	0.323667	95656.28	603802.79	2	23	77
3250	0.650000	0.339333	107635.73	627038.26	2	23	77
3300	0.660000	0.288000	102412.87	660666.76	2	23	77
3350	0.670000	0.310333	85370.19	596521.02	2	23	77
3400	0.680000	0.338333	112350.97	552364.32	2	23	77
3450	0.690000	0.312667	113540.85	548665.52	2	23	77
3500	0.700000	0.288000	92421.68	687837.48	2	23	77
3550	0.710000	0.317333	94119.39	631657.42	2	23	77
3600	0.720000	0.349333	107729.60	501825.53	2	23	77
3650	0.730000	0.338000	105365.49	504748.71	2	23	77
3700	0.740000	0.310000	103265.28	488976.13	2	23	77
3750	0.750000	0.312000	104619.58	546286.79	2	23	77
3800	0.760000	0.327000	106441.87	450773.87	2	23	77
3850	0.770000	0.323667	90878.71	583434.11	2	23	77
3900	0.780000	0.283333	93847.59	612088.46	2	24	76
3950	0.790000	0.313333	100017.60	483045.50	2	24	76
4000	0.800000	0.331333	92937.16	542875.28	2	25	75
4050	0.810000	0.324000	91239.40	557543.65	2	26	74
4100	0.820000	0.305333	102282.90	598885.11	2	26	74
4150	0.830000	0.358000	105840.16	521054.04	2	26	74
4200	0.840000	0.349000	93841.27	474806.07	2	26	74
4250	0.850000	0.331333	87739.85	493167.61	2	26	74
4300	0.860000	0.356000	104446.17	512972.13	2	26	74
4350	0.870000	0.346667	91705.10	542043.33	2	26	74
4400	0.880000	0.321333	96734.90	578097.63	2	26	74
4450	0.890000	0.357333	107481.94	492373.54	2	26	74
4500	0.900000	0.338333	101250.88	546095.79	2	26	74
4550	0.910000	0.337333	86638.64	556544.40	2	26	74
4600	0.920000	0.339000	99783.85	574526.73	2	26	74
4650	0.930000	0.291333	93534.08	561719.41	2	27	73
4700	0.940000	0.306000	91227.33	597803.20	2	27	73
4750	0.950000	0.316000	96195.83	536781.49	2	28	72
4800	0.960000	0.339000	95935.63	686979.27	2	28	72
4850	0.970000	0.336333	87122.13	653396.31	2	28	72
4900	0.980000	0.344667	98896.12	624683.61	2	28	72
4950	0.990000	0.317333	102595.86	693038.57	2	28	72
5000	1.000000	0.295333	82452.73	650160.44	2	28	72
5050	1.010000	0.301667	91759.78	543909.24	2	28	72
5100	1.020000	0.301333	98389.92	633825.72	2	28	72
5150	1.030000	0.307333	85784.69	516466.09	2	28	72
5200	1.040000	0.326333	92787.03	567908.10	2	28	72
5250	1.050000	0.332667	101751.61	538125.53	2	28	72
5300	1.060000	0.333333	99764.72	531195.90	2	28	72
5350	1.070000	0.331333	93402.23	659317.71	2	28	72
5400	1.080000	0.332333	95508.24	451717.89	2	29	71
5450	1.090000	0.326333	99456.66	534843.94	2	29	71
5500	1.100000	0.354333	86695.37	613708.45	2	29	71
5550	1.110000	0.335667	89694.45	570241.14	2	29	71
5600	1.120000	0.354333	93171.23	433856.44	2	29	71
5650	1.130000	0.323333	92037.81	636151.81	2	29	71
5700	1.140000	0.334333	94134.12	567361.94	2	29	71
5750	1.150000	0.310667	91495.84	555041.89	2	29	71
5800	1.160000	0.316000	96760.80	689880.53	2	29	71
5850	1.170000	0.330000	84741.61	640355.86	2	29	71
5900	1.180000	0.325333	88323.94	618746.82	2	29	71
5950	1.190000	0.348000	103017.27	545695.02	2	29	71
6000	1.200000	0.345667	100778.92	592163.76	2	29	71
6050	1.210000	0.337333	85880.61	723815.82	2	29	71
6100	1.220000	0.348667	88702.59	554236.28	2	29	71
6150	1.230000	0.338667	94503.95	562509.43	2	29	71
6200	1.240000	0.322667	87413.97	484235.57	2	29	71
6250	1.250000	0.328333	97817.90	507076.41	2	29	71
6300	1.260000	0.372000	103407.74	685755.64	2	29	71
6350	1.270000	0.349000	91058.50	628279.31	2	29	71
6400	1.280000	0.349667	79713.80	622140.09	2	29	71
6450	1.290000	0.352667	86596.00	627825.16	2	29	71
6500	1.300000	0.367333	102066.59	673977.00	2	29	71
6550	1.310000	0.350667	92101.76	628319.10	2	29	71
6600	1.320000	0.334333	91424.01	604777.14	2	29	71
6650	1.330000	0.356667	102799.31	554737.10	2	29	71
6700	1.340000	0.354000	88529.34	702891.47	2	29	71
6750	1.350000	0.330667	80560.35	678611.95	2	29	71
6800	1.360000	0.330000	89787.33	734442.47	2	29	71
6850	1.370000	0.320333	97147.55	741550.57	2	29	71
6900	1.380000	0.326000	92194.79	714336.97	2	30	70
6950	1.390000	0.326333	96938.48	705791.28	2	31	69
7000	1.400000	0.334000	85602.24	853357.13	2	32	68
7050	1.410000	0.343333	95434.15	725794.75	2	32	68
7100	1.420000	0.314333	92173.87	639361.37	2	32	68
7150	1.430000	0.331667	75755.62	727776.12	2	32	68
7200	1.440000	0.357667	86216.52	702736.03	2	32	68
7250	1.450000	0.352333	87093.46	736012.27	2	32	68
7300	1.460000	0.364667	87436.87	653441.36	2	32	68
7350	1.470000	0.370333	97562.27	722897.00	2	32	68
7400	1.480000	0.333667	85089.17	671658.86	2	32	68
7450	1.490000	0.311000	87246.18	654553.33	2	32	68
7500	1.500000	0.340000	79641.59	643689.54	2	32	68
7550	1.510000	0.363667	77475.90	648470.95	2	32	68
7600	1.520000	0.354333	95815.31	606812.60	2	32	68
7650	1.530000	0.345667	82338.02	494210.13	2	33	67
7700	1.540000	0.338667	92295.07	574688.40	2	33	67
7750	1.550000	0.379667	93820.79	591349.39	2	33	67
7800	1.560000	0.348000	90035.69	513684.90	2	34	66
7850	1.570000	0.380000	83605.17	640725.45	2	34	66
7900	1.580000	0.349667	76440.28	645620.60	2	34	66
7950	1.590000	0.326667	85948.74	556489.14	2	34	66
8000	1.600000	0.292333	89492.47	545104.43	2	34	66
8050	1.610000	0.309000	75494.35	621969.96	2	34	66
8100	1.620000	0.314000	85341.27	732221.55	2	34	66
8150	1.630000	0.354000	91652.55	774188.19	2	34	66
8200	1.640000	0.356667	82555.77	814060.25	2	34	66
8250	1.650000	0.333667	80711.71	701772.18	2	34	66
8300	1.660000	0.316333	86300.08	645309.00	2	34	66
8350	1.670000	0.323000	83186.38	599445.81	2	34	66
8400	1.680000	0.334667	91166.26	676859.84	2	34	66
8450	1.690000	0.353000	80277.03	622422.55	2	34	66
8500	1.700000	0.371333	84109.33	505946.03	2	34	66
8550	1.710000	0.384667	94589.96	451359.66	2	34	66
8600	1.720000	0.353667	77827.81	479016.97	2	34	66
8650	1.730000	0.320000	81490.89	590522.89	2	34	66
8700	1.740000	0.352000	95074.72	475498.03	2	34	66
8750	1.750000	0.344333	86419.61	424830.97	2	34	66
8800	1.760000	0.359000	85135.72	499555.87	2	35	65
8850	1.770000	0.346000	82138.61	459862.35	2	35	65
8900	1.780000	0.326667	72830.38	470320.15	2	35	65
8950	1.790000	0.339000	79991.73	424038.10	2	35	65
9000	1.800000	0.339000	89976.70	404793.03	2	35	65
9050	1.810000	0.352000	82366.09	556195.76	2	37	63
9100	1.820000	0.337000	83814.38	517477.40	2	37	63
9150	1.830000	0.359000	80379.08	771489.06	2	38	62
9200	1.840000	0.362333	84816.61	682612.07	2	38	62
9250	1.850000	0.332000	78229.11	727030.67	2	38	62
9300	1.860000	0.322667	75663.50	602857.07	2	38	62
9350	1.870000	0.340667	77050.55	593670.72	2	38	62
9400	1.880000	0.354000	77239.28	455034.55	2	38	62
9450	1.890000	0.358333	79368.76	510748.19	2	38	62
9500	1.900000	0.344000	87161.20	495993.32	2	38	62
9550	1.910000	0.357667	81291.03	523234.25	2	38	62
9600	1.920000	0.350333	72378.66	498853.83	2	38	62
9650	1.930000	0.333333	76608.69	508631.00	2	38	62
9700	1.940000	0.336333	86550.40	589999.66	2	38	62
9750	1.950000	0.328667	73697.15	416627.51	2	38	62
9800	1.960000	0.326667	73768.91	511400.90	2	38	62
9850	1.970000	0.315333	82156.75	570652.56	2	38	62
9900	1.980000	0.307667	78282.05	604849.87	2	38	62
9950	1.990000	0.303667	69782.77	441456.68	2	38	62
